full_positions	cont	percentage
1	0	0
2	27	0.0623556581986143
3	30	0.069284064665127
4	11	0.0254041570438799
5	112	0.258660508083141
6	25	0.0577367205542725
7	0	0
8	1	0.0023094688221709
9	6	0.0138568129330254
10	2	0.0046189376443418
11	4	0.0092378752886836
12	38	0.0877598152424942
13	163	0.376443418013857
14	1	0.0023094688221709
15	0	0
16	2	0.0046189376443418
17	49	0.113163972286374
18	1	0.0023094688221709
19	2	0.0046189376443418
20	3	0.0069284064665127
20A	23	0.0531177829099307
20B	1	0.0023094688221709
21	0	0
22	1	0.0023094688221709
23	28	0.0646651270207852
24	2	0.0046189376443418
25	0	0
26	12	0.0277136258660508
27	68	0.157043879907621
28	61	0.140877598152425
29	78	0.18013856812933
30	0	0
31	3	0.0069284064665127
32	33	0.0762124711316397
33	2	0.0046189376443418
34	101	0.233256351039261
35	18	0.0415704387990762
36	28	0.0646651270207852
37	4	0.0092378752886836
38	2	0.0046189376443418
39	5	0.0115473441108545
40	178	0.41108545034642
41	7	0.0161662817551963
42	15	0.0346420323325635
43	2	0.0046189376443418
44	1	0.0023094688221709
45	1	0.0023094688221709
46	1	0.0023094688221709
47	3	0.0069284064665127
48	192	0.443418013856813
49	27	0.0623556581986143
50	6	0.0138568129330254
51	7	0.0161662817551963
52	3	0.0069284064665127
53	5	0.0115473441108545
54	2	0.0046189376443418
55	4	0.0092378752886836
56	384	0.886836027713626
57	5	0.0115473441108545
58	2	0.0046189376443418
59	2	0.0046189376443418
60	58	0.133949191685912
61	239	0.551963048498845
62	8	0.0184757505773672
63	34	0.0785219399538106
64	7	0.0161662817551963
65	13	0.0300230946882217
66	25	0.0577367205542725
67	31	0.0715935334872979
68	36	0.0831408775981524
69	45	0.103926096997691
70	3	0.0069284064665127
71	43	0.0993071593533487
72	36	0.0831408775981524
73	2	0.0046189376443418
